2.50|15.50,5.00|80.00,10.00|80.00,10.00|80.00,18.00|28.50,6,20250318,1,1
2.50|15.50,5.00|80.00,10.00|80.00,10.00|80.00,18.00|28.50,6,20250412,1,1
2.50|15.50,5.00|80.00,10.00|80.00,10.00|80.00,18.00|28.50,6,20250516,1,1
2.50|15.50,5.00|80.00,10.00|80.00,10.00|80.00,18.00|28.50,6,20240711,5,2
2.50|15.50,5.00|80.00,10.00|80.00,10.00|80.00,18.00|28.50,6,20240807,5,2
2.50|15.50,5.00|80.00,10.00|80.00,10.00|80.00,18.00|28.50,6,20240909,5,2
2.50|15.50,5.00|80.00,10.00|80.00,10.00|80.00,18.00|28.50,6,20241011,5,2
2.50|15.50,5.00|80.00,10.00|80.00,10.00|80.00,18.00|28.50,6,20241116,5,2
2.50|15.50,5.00|80.00,10.00|80.00,10.00|80.00,18.00|28.50,6,20220910,9,3
2.50|15.50,5.00|80.00,10.00|80.00,10.00|80.00,18.00|28.50,6,20221012,9,3
2.50|15.50,5.00|80.00,10.00|80.00,10.00|80.00,18.00|28.50,6,20220206,11,4
2.50|15.50,5.00|80.00,10.00|80.00,10.00|80.00,18.00|28.50,6,20220312,11,4
2.50|15.50,5.00|80.00,10.00|80.00,10.00|80.00,18.00|28.50,6,20230824,7,5
2.50|15.50,5.00|80.00,10.00|80.00,10.00|80.00,18.00|28.50,6,20231022,7,5
2.50|15.50,5.00|80.00,10.00|80.00,10.00|80.00,18.00|28.50,6,20210805,12,6
2.50|15.50,5.00|80.00,10.00|80.00,10.00|80.00,18.00|28.50,6,20211003,12,6
2.50|15.50,5.00|80.00,10.00|80.00,10.00|80.00,18.00|28.50,6,20210717,13,1