12.30|20.45,34.60|58.40,60.20|250.60,24.10|59.70,10.40|35.70,20250316,1
12.30|20.45,34.60|58.40,60.20|250.60,24.10|59.70,10.40|35.70,20250412,2
12.30|20.45,34.60|58.40,60.20|250.60,24.10|59.70,10.40|35.70,20250123,3
12.30|20.45,34.60|58.40,60.20|250.60,24.10|59.70,10.40|35.70,20250311,4
12.30|20.45,34.60|58.40,60.20|250.60,24.10|59.70,10.40|35.70,20240804,5
12.30|20.45,34.60|58.40,60.20|250.60,24.10|59.70,10.40|35.70,20250316,6
12.30|20.45,34.60|58.40,60.20|250.60,24.10|59.70,10.40|35.70,20250412,7
12.30|20.45,34.60|58.40,60.20|250.60,24.10|59.70,10.40|35.70,20250123,8
12.30|20.45,34.60|58.40,60.20|250.60,24.10|59.70,10.40|35.70,20250311,9
12.30|20.45,34.60|58.40,60.20|250.60,24.10|59.70,10.40|35.70,20240804,10
12.30|20.45,34.60|58.40,60.20|250.60,24.10|59.70,10.40|35.70,20240804,11
12.30|20.45,34.60|58.40,60.20|250.60,24.10|59.70,10.40|35.70,20250316,12
12.30|20.45,34.60|58.40,60.20|250.60,24.10|59.70,10.40|35.70,20250412,13
12.30|20.45,34.60|58.40,60.20|250.60,24.10|59.70,10.40|35.70,20250123,14
12.30|20.45,34.60|58.40,60.20|250.60,24.10|59.70,10.40|35.70,20250311,15
12.30|20.45,34.60|58.40,60.20|250.60,24.10|59.70,10.40|35.70,20240804,16